 7.19042 6.38477 8.11163 6.49414 6.59097 5.65531 7.79496 6.56413 8.53054 6.03384 6.25602 5.22631 7.97352 7.78491 7.17123 6.70144 7.67158 8.09037 6.73985 8.1069 5.33287 8.13493 8.51074 6.85796 7.78422 8.55566 7.57241 7.99589 6.39079 7.48353 6.58471
 8.1629 7.66692 7.71068 7.96538 7.36755 6.02968 8.08385 6.24373 8.10869 6.11125 7.10941 7.25696 8.24869 8.06592 8.3991 6.48932 6.81257 7.60734 7.6922 8.25195 5.57506 8.02401 8.67976 7.212 7.3655 9.42452 6.19821 7.91373 7.38003 7.38221 6.93992
 8.15171 7.87051 9.61566 8.46069 8.96995 7.01036 8.71775 6.90317 9.33186 7.90459 7.84504 6.8551 8.73025 9.11389 9.0872 7.69448 8.57485 8.45916 8.4336 9.53012 5.42987 9.98817 8.52204 7.42813 8.78254 10.2546 8.27069 7.92473 8.20196 9.0691 7.73871
 7.42835 6.33942 7.75075 7.55251 7.42715 5.72206 7.97757 6.27463 7.55597 5.89148 7.12153 6.523 7.4331 8.17605 7.95274 5.95734 7.24401 7.26012 7.12657 8.10496 5.24571 7.49618 7.60481 6.86807 7.93598 8.88645 6.9824 8.61726 6.5529 6.81865 6.90953
 6.20262 5.74113 7.92359 7.45318 7.54202 6.02508 7.0917 5.23418 7.28702 6.43206 6.62562 5.5301 7.08668 8.09218 7.8342 5.3682 7.15558 7.02179 6.88446 7.72283 4.52311 7.73965 7.67473 5.94261 6.72816 8.59642 7.38544 7.60994 6.86165 6.41221 6.37981
 6.75201 5.35285 6.40055 6.45156 5.88147 5.09743 5.60123 4.29553 6.01815 5.00469 5.45445 4.58078 6.67007 6.38391 6.04606 5.36148 6.35106 5.61902 5.73859 6.77326 3.92438 6.72434 6.28629 5.89356 6.25955 7.62286 5.80134 6.97009 4.92646 6.16321 5.08304
 6.36711 6.9848 7.86797 7.2501 7.37747 5.00298 7.79695 6.29205 8.36142 6.12242 6.59739 6.11091 7.29617 8.32388 7.08316 6.87194 6.38695 7.49433 6.7508 7.57353 5.56307 7.48705 7.34202 6.52969 6.93631 8.97895 7.39777 7.78703 6.85713 6.91911 6.67033
 9.15393 8.43412 10.4175 10.117 9.64498 6.76539 10.2485 8.0673 11.2026 7.72576 8.66875 8.13693 9.87617 10.7288 9.80607 9.02758 8.74558 10.0792 8.19107 10.0944 6.81432 10.0294 10.1688 9.32971 9.36234 11.0874 9.05004 9.12935 8.23759 10.2227 8.68813
 8.91226 7.9873 8.42286 8.30867 8.7308 6.39377 9.70721 8.54819 9.41833 6.75686 8.01478 7.75969 9.22193 9.14867 9.12832 8.12696 7.53569 7.49665 8.39102 9.75509 6.61268 9.22779 8.4855 8.21429 8.82977 9.24861 7.36291 8.91708 7.71947 8.94047 8.32717
 8.82161 7.88569 8.90264 7.98234 8.2681 7.39949 10.0885 7.15976 8.65375 6.62709 8.34599 8.20365 9.46382 9.40457 9.7749 7.48363 8.98394 8.48897 9.03016 10.6381 6.41117 9.13915 10.2747 8.65218 9.00687 10.2158 7.65785 10.2075 7.55461 9.1502 7.97943
 6.47536 5.69303 8.64299 7.40444 7.33848 5.76221 9.26383 7.069 9.26488 6.35192 6.33506 5.32804 7.95646 8.83991 7.54194 6.9238 7.57554 7.49904 7.03009 8.51697 5.46726 8.33248 8.30063 7.38329 7.83419 9.17769 8.53763 8.33967 7.53376 8.07385 6.66355
 7.53314 6.85763 9.0966 9.15576 7.81537 6.85354 9.16995 6.71561 8.64158 7.28427 6.37656 6.75115 7.62757 9.42924 8.87523 7.56989 7.80393 8.61687 8.31079 9.48243 7.31712 8.57343 9.58181 7.80119 8.28703 10.4463 8.46997 9.22092 6.97565 7.33937 7.2255
 9.31054 7.65475 10.1336 10.378 9.88406 6.64877 9.02185 7.53411 11.418 7.60956 8.29992 7.81458 9.16185 10.6262 9.38246 8.5969 9.08748 9.64481 8.03941 9.4994 6.5088 9.73484 10.1445 9.51608 8.47782 11.2 8.98663 9.59286 8.08834 9.20259 8.85695
 7.05543 7.16943 8.49461 7.35251 8.02525 6.62927 9.31 7.40357 9.51224 7.47563 7.43203 6.53939 8.16957 9.44719 8.8264 7.34878 7.63315 8.44521 7.50672 8.9205 6.32046 9.08847 8.89783 7.53188 8.24493 9.52809 8.82179 9.24324 8.2361 8.37291 7.07078
 7.4396 7.67199 8.6285 8.40523 9.10918 6.59951 8.99632 6.98989 9.44042 6.34949 7.4561 7.4279 9.22872 8.92221 8.22587 8.03661 8.52368 8.86226 8.01913 9.0544 5.54764 9.63218 9.69874 7.1489 7.96532 9.64631 8.19359 8.06201 7.95276 8.59607 8.08337
 8.15529 7.95751 9.35417 9.36205 9.23448 7.10607 9.54031 7.81994 10.0461 7.75409 8.21776 6.95381 8.7582 10.3608 9.27014 7.98218 8.68566 8.97001 8.90903 9.25767 5.50109 9.32664 9.53119 8.36058 9.1401 10.6671 9.30366 8.70393 8.88442 9.5161 8.35081
 6.94353 6.82008 8.14439 8.28461 8.56834 7.12471 9.03475 8.36206 9.29526 7.72552 7.66459 6.52095 7.81034 9.8431 9.17874 7.87942 7.99338 8.02872 8.18921 9.03168 6.06026 9.3062 8.27444 7.41943 8.83817 9.089 8.66833 8.84451 8.26279 8.31845 7.79393
 8.04531 6.22257 6.88257 7.89794 6.11664 5.33333 7.28523 6.26314 7.30204 5.56945 6.06574 6.84946 7.95971 6.4972 6.81999 6.96128 7.15461 6.99624 6.38321 7.58239 5.04197 7.8411 8.72668 6.65153 7.00734 8.61228 5.70532 7.18181 6.42044 7.01151 6.16052
 8.12432 7.48575 9.36104 8.59995 9.19258 7.07094 9.67639 8.03914 9.85199 7.40643 8.50706 7.23245 9.32365 9.74986 9.18944 8.42912 9.38737 8.4472 9.01654 10.2222 5.83135 9.9324 9.28215 8.20296 9.20498 10.2149 8.62449 9.14618 8.00784 9.38899 8.57378
 6.63273 5.98517 7.60529 6.14518 7.65375 5.85729 7.0073 6.10843 7.94032 5.89297 6.68813 6.5481 7.93927 7.85156 7.52633 6.24798 7.35591 7.23829 6.41535 8.25697 4.71998 8.73106 7.87178 6.99326 6.83375 8.13502 7.13984 7.11421 6.63381 8.29571 6.65629
 8.88712 8.36084 10.1257 9.24081 10.4258 7.28936 10.538 9.05897 11.0817 8.61801 8.02997 7.97338 10.1829 11.1284 10.6173 9.5584 8.7017 8.75451 9.03025 10.5056 7.53994 10.4838 10.2451 8.8053 9.09614 10.1282 9.95275 10.0606 8.88504 9.64773 9.54049
 9.25396 7.90817 10.426 9.65657 8.98694 7.25775 10.0634 7.9892 10.2984 7.77007 8.01874 8.39184 10.1432 10.2541 9.87476 8.55898 8.5818 9.42698 9.04903 11.2156 7.47991 10.1728 11.6438 9.17543 8.81511 11.7707 8.68402 10.1957 8.07557 9.1989 8.10787
 8.18774 8.86529 8.11699 7.64571 9.28657 7.43466 10.5795 8.66908 10.1215 7.40583 8.04409 7.20025 8.83001 9.88618 8.97165 8.09168 8.06309 8.26835 9.44224 9.85129 6.74031 9.4309 8.95747 7.93422 8.97136 9.96847 9.24731 10.1104 9.09225 8.92808 8.40439
 8.23451 9.17738 9.53553 9.5736 9.03264 7.26391 9.8854 8.67463 10.6209 7.37008 7.94602 8.0603 9.97846 9.90094 9.03404 9.09758 9.1791 9.89912 7.9931 9.5051 6.62483 10.1463 10.1967 8.56975 9.0344 10.9507 8.96711 8.97427 8.28123 9.57007 7.32591
 8.75194 6.87811 8.05644 8.51685 8.29973 7.37903 8.99676 8.03099 9.35206 7.85539 7.32436 6.58235 8.98082 9.03976 8.96818 7.51136 7.89129 8.29981 8.22943 9.10127 6.46745 9.54741 9.33378 7.49385 8.73581 10.0686 8.96416 9.28405 8.49369 8.04904 7.79243
 7.9607 7.02136 8.20181 7.44836 7.20857 6.32341 7.82949 6.73964 8.79757 7.23044 6.82328 6.72256 7.59716 8.71722 8.59444 6.68102 6.70004 7.59056 6.75636 8.98407 5.43777 8.93398 8.4024 8.33604 7.42822 8.84821 7.74168 8.22896 6.57511 8.59208 6.49679
 8.74007 7.38506 9.38013 9.03168 8.70298 8.01477 8.75108 7.74848 9.40411 8.83814 8.34102 7.80762 9.275 10.5664 9.82671 7.75511 7.99381 9.29026 8.15447 10.0515 7.01106 9.58276 9.7149 8.20511 8.65134 10.4169 9.57667 9.57995 7.75783 9.6524 8.20551
 8.03608 7.51147 7.68164 8.42363 7.99571 6.73929 8.89089 7.23512 8.73103 6.23073 7.91081 5.79318 8.39166 9.17798 8.48249 6.82428 7.15318 8.58416 8.35588 8.95385 5.30683 7.91227 8.40242 7.11723 8.62966 9.34021 8.01045 8.94903 7.44158 7.37135 7.82746
 7.86526 7.35367 7.95806 7.75564 7.97596 7.09846 9.36394 8.21338 8.66628 6.11119 7.85079 7.29431 9.09553 8.45633 8.56103 7.63878 9.28573 8.51336 8.5456 9.37565 6.11152 9.97401 9.26824 7.89433 9.53552 9.80919 7.62453 9.51335 8.45162 8.08464 7.41236
 8.3054 7.37919 8.8805 8.14039 8.95728 6.62159 10.0208 7.89039 9.72783 6.92244 8.78996 7.07967 9.6723 9.96537 9.77739 6.68674 7.52653 8.57018 8.32081 9.57606 6.4425 8.94867 8.84342 7.95099 8.50254 9.96834 7.97075 9.49546 8.26146 8.2504 8.2305
 6.03754 7.22043 8.71454 7.46974 8.31329 6.83675 10.2655 7.59757 8.68199 7.08066 6.98635 6.45022 7.11305 9.63851 8.73154 7.72654 8.11944 8.4854 9.0248 9.70485 6.69951 8.52537 8.69814 7.02786 8.54961 8.85049 8.63261 8.56628 7.60059 8.17234 8.00728
