 -5e+00 -5e+00 -6e+00 -3e+00 -6e+00 -3e+00 -5e+00 -5e+00 -4e+00 -5e+00 -5e+00 -5e+00 -5e+00 -5e+00 -6e+00 -6e+00 -4e+00 -6e+00 -5e+00 -4e+00
 -4e+00 -4e+00 -5e+00 -2e+00 -5e+00 -3e+00 -4e+00 -4e+00 -4e+00 -4e+00 -4e+00 -4e+00 -4e+00 -4e+00 -4e+00 -5e+00 -4e+00 -4e+00 -4e+00 -3e+00
 -4e+00 -4e+00 -5e+00 -3e+00 -6e+00 -3e+00 -4e+00 -5e+00 -4e+00 -5e+00 -5e+00 -5e+00 -5e+00 -5e+00 -6e+00 -5e+00 -4e+00 -5e+00 -5e+00 -4e+00
 -6e+00 -5e+00 -6e+00 -4e+00 -7e+00 -5e+00 -5e+00 -6e+00 -5e+00 -6e+00 -6e+00 -5e+00 -5e+00 -6e+00 -6e+00 -7e+00 -6e+00 -6e+00 -6e+00 -6e+00
 -6e+00 -5e+00 -6e+00 -4e+00 -7e+00 -5e+00 -5e+00 -6e+00 -4e+00 -7e+00 -6e+00 -6e+00 -6e+00 -6e+00 -7e+00 -7e+00 -5e+00 -6e+00 -6e+00 -5e+00
 -4e+00 -3e+00 -4e+00 -3e+00 -5e+00 -3e+00 -3e+00 -4e+00 -3e+00 -5e+00 -4e+00 -4e+00 -4e+00 -5e+00 -5e+00 -4e+00 -4e+00 -4e+00 -4e+00 -4e+00
 -4e+00 -4e+00 -4e+00 -2e+00 -4e+00 -3e+00 -3e+00 -3e+00 -2e+00 -4e+00 -4e+00 -3e+00 -3e+00 -4e+00 -4e+00 -4e+00 -3e+00 -4e+00 -4e+00 -3e+00
 -6e+00 -5e+00 -5e+00 -3e+00 -6e+00 -4e+00 -4e+00 -5e+00 -4e+00 -5e+00 -5e+00 -5e+00 -5e+00 -5e+00 -6e+00 -6e+00 -5e+00 -6e+00 -5e+00 -5e+00
 -6e+00 -3e+00 -5e+00 -3e+00 -5e+00 -4e+00 -4e+00 -5e+00 -4e+00 -5e+00 -5e+00 -3e+00 -4e+00 -5e+00 -6e+00 -5e+00 -4e+00 -5e+00 -5e+00 -4e+00
 -5e+00 -4e+00 -6e+00 -3e+00 -5e+00 -4e+00 -5e+00 -5e+00 -4e+00 -5e+00 -5e+00 -4e+00 -5e+00 -5e+00 -6e+00 -5e+00 -4e+00 -6e+00 -5e+00 -4e+00
 -5e+00 -5e+00 -5e+00 -3e+00 -6e+00 -4e+00 -5e+00 -6e+00 -4e+00 -5e+00 -5e+00 -6e+00 -5e+00 -6e+00 -6e+00 -6e+00 -5e+00 -6e+00 -6e+00 -4e+00
 -7e+00 -5e+00 -6e+00 -4e+00 -6e+00 -5e+00 -5e+00 -6e+00 -4e+00 -6e+00 -5e+00 -5e+00 -5e+00 -6e+00 -7e+00 -6e+00 -6e+00 -6e+00 -5e+00 -5e+00
 -5e+00 -5e+00 -5e+00 -3e+00 -7e+00 -4e+00 -5e+00 -5e+00 -4e+00 -6e+00 -6e+00 -5e+00 -5e+00 -5e+00 -6e+00 -5e+00 -5e+00 -5e+00 -4e+00 -5e+00
 -4e+00 -4e+00 -4e+00 -3e+00 -5e+00 -4e+00 -4e+00 -5e+00 -4e+00 -4e+00 -4e+00 -4e+00 -4e+00 -4e+00 -4e+00 -5e+00 -4e+00 -5e+00 -4e+00 -3e+00
 -6e+00 -5e+00 -6e+00 -4e+00 -7e+00 -3e+00 -4e+00 -6e+00 -4e+00 -6e+00 -5e+00 -4e+00 -5e+00 -6e+00 -7e+00 -6e+00 -5e+00 -6e+00 -4e+00 -6e+00
 -5e+00 -3e+00 -6e+00 -3e+00 -5e+00 -3e+00 -4e+00 -5e+00 -4e+00 -5e+00 -5e+00 -4e+00 -4e+00 -5e+00 -6e+00 -6e+00 -4e+00 -5e+00 -5e+00 -5e+00
 -4e+00 -3e+00 -3e+00 -3e+00 -4e+00 -3e+00 -3e+00 -3e+00 -3e+00 -4e+00 -4e+00 -3e+00 -4e+00 -4e+00 -4e+00 -4e+00 -4e+00 -4e+00 -3e+00 -4e+00
 -6e+00 -4e+00 -5e+00 -3e+00 -6e+00 -4e+00 -5e+00 -4e+00 -4e+00 -5e+00 -5e+00 -5e+00 -4e+00 -5e+00 -6e+00 -6e+00 -5e+00 -5e+00 -5e+00 -4e+00
 -4e+00 -4e+00 -4e+00 -2e+00 -5e+00 -3e+00 -3e+00 -5e+00 -3e+00 -4e+00 -5e+00 -3e+00 -4e+00 -5e+00 -5e+00 -4e+00 -4e+00 -5e+00 -4e+00 -4e+00
 -6e+00 -5e+00 -6e+00 -3e+00 -6e+00 -4e+00 -4e+00 -5e+00 -4e+00 -5e+00 -6e+00 -5e+00 -5e+00 -6e+00 -6e+00 -6e+00 -5e+00 -7e+00 -5e+00 -4e+00
