 5.49225 3.13349 3.47978 3.54535 3.14002 2.77031 2.68811 4.98886 4.88056 3.95047 4.63139 3.862 3.76509 4.27035 3.95133 3.47415 3.37461 3.16776 5.59552 3.97585 4.19775 2.8805 4.55441 3.65268 5.60842 5.44152 4.00383 3.97792 3.06907 4.08765 3.18278
 5.59124 2.85365 3.29466 2.86061 2.97172 2.05938 2.16204 3.00971 2.79702 2.51889 3.23024 2.90804 2.78686 2.88554 3.14395 2.96542 2.497 2.61419 3.74237 2.48256 3.40345 2.63954 3.6531 2.37159 3.53271 3.84672 2.40189 2.99982 2.49155 2.24346 2.38985
 5.65304 2.40195 3.09421 3.84029 3.58836 2.37785 3.0663 4.56024 4.74009 4.14971 4.3814 3.53824 3.38596 3.35795 4.10572 3.73772 3.59538 3.10542 5.61209 3.81446 4.66584 3.12076 4.46077 2.61494 4.74462 4.89724 4.07144 3.32101 3.04055 3.207 2.73272
 3.82411 2.21928 2.6758 2.30357 2.25952 1.86659 1.99155 3.20861 2.96586 2.66767 3.34836 2.67788 2.5703 3.10146 3.24621 2.71973 2.8828 3.12696 3.67571 2.35298 3.64396 2.87008 3.68941 2.32662 3.2202 3.92102 2.63162 2.48062 2.68223 1.97449 2.52134
 6.65908 3.64773 3.91217 4.07686 3.47329 2.47537 2.80159 4.08206 4.67875 4.34268 4.65415 3.89211 4.57517 4.32833 4.1448 3.61646 2.92438 3.37278 5.28531 3.65974 4.01337 2.98138 4.84278 3.13715 4.36917 5.89653 3.95435 3.81905 3.18327 4.01343 3.40287
 7.78962 3.66233 3.79146 3.0741 2.75042 2.3606 2.4954 4.02948 3.90569 3.05627 3.97984 3.97192 4.06964 3.89337 3.70716 3.17734 3.12986 3.80354 4.48306 3.08526 3.77829 3.33543 5.05957 3.36448 4.51558 5.24009 3.062 4.30525 3.26855 3.22332 3.38134
 5.46292 3.75893 4.18146 3.78821 2.5696 2.34421 2.49931 4.05979 3.49753 3.90462 3.39987 3.46419 4.13641 4.19274 3.59835 3.45991 1.77704 3.33593 4.53468 3.90702 4.0354 2.53912 4.42031 3.57262 4.89022 5.55834 3.33727 3.09628 3.28453 4.13024 3.06791
 6.90274 4.46816 4.67343 3.97128 3.3747 2.93097 2.6841 5.20433 4.60784 4.24732 5.30166 4.11246 4.29056 5.64992 4.50523 4.55283 3.71554 4.31648 5.54159 3.95452 4.65694 3.79468 5.52914 3.87277 5.39803 6.13918 3.74191 4.10914 3.94484 3.97109 4.03086
 6.70078 3.31485 3.82269 3.73602 2.83809 2.65233 2.75805 4.60435 4.16353 3.82766 4.30393 3.70873 3.93879 3.8375 3.37772 3.14792 3.15279 2.48314 4.7455 3.5756 3.47411 2.50408 4.30247 3.45965 4.50333 4.64591 3.5973 3.91908 2.70577 4.23518 3.2226
 4.927 2.55237 3.37498 2.0416 1.93493 2.05668 2.18463 3.54798 2.38601 2.11171 3.02844 2.51258 2.51571 3.63508 2.76682 3.02428 2.57036 2.64723 3.37781 2.61866 2.96166 2.54792 3.57282 3.08289 3.61501 3.41029 2.41359 3.0936 2.44851 2.23097 2.39614
 6.4665 2.10678 2.55356 2.20397 2.17962 2.01964 1.92818 3.23506 3.71032 2.40968 3.82707 2.58236 3.02168 3.79689 2.85463 2.32833 2.8804 2.27551 3.9918 2.6542 2.8152 2.05321 3.35849 2.88293 3.73053 4.58035 3.12094 3.28866 2.04313 2.53296 2.48655
 6.88689 2.73007 3.29321 4.25361 2.64816 2.28584 3.41789 5.0279 4.64011 4.20023 3.99188 3.44334 4.53563 3.89592 3.307 2.99846 2.97265 2.20941 5.2113 4.26334 3.45796 2.60602 4.82165 3.55349 5.03984 4.9388 4.0636 4.01745 2.73376 4.70387 2.94828
 6.13384 3.56212 5.02706 4.99379 3.55393 3.15174 4.15084 5.96757 4.00886 4.7378 5.06498 4.47341 4.41709 4.28788 4.74182 4.58243 3.87843 3.78241 6.19944 4.52901 5.2933 3.85979 5.79866 4.2315 5.8433 5.51865 4.25328 4.37125 4.38643 4.78031 3.77751
 6.54022 3.34762 3.71767 4.03093 2.55846 2.61538 3.34623 5.44816 4.82376 4.3573 4.81654 4.48042 4.53029 3.87111 4.13169 3.67446 3.62664 3.63569 5.12185 4.21216 4.25905 3.03129 5.48659 3.58946 5.34766 5.93415 4.21403 4.55393 3.71463 4.86706 3.72016
 5.38365 2.77321 4.3394 3.85741 3.34175 2.8587 3.6791 4.87407 4.77099 4.1085 4.82271 3.91917 4.45086 4.54195 4.23045 3.85434 3.1659 3.29105 5.97282 4.20338 4.54431 3.11218 5.00273 4.00335 4.93533 5.711 4.80283 4.47279 3.20129 3.81311 3.30246
 0.247387 0.0134685 0.0341077 0.0379655 0.00243653 0.0121541 0.0460777 0.0487833 0.0144338 0.0340435 0.0500918 0.0169971 0.0482247 0.0491505 0.0225096 0.0290068 0.0388206 0.00823282 0.0399654 0.0282374 0.00110269 0.0234124 0.0451156 0.0419056 0.0171472 0.0320296 0.0275049 0.0428791 0.0327642 0.0484926 0.0334108
 0.276062 0.111602 0.282623 0.314589 0.0201895 0.100711 0.381808 0.404227 0.119601 0.282091 0.41507 0.140841 0.399599 0.40727 0.186518 0.240356 0.321675 0.0682187 0.331161 0.23398 0.00913713 0.194 0.373836 0.347237 0.142085 0.265403 0.227911 0.355305 0.271491 0.401819 0.276848
 0.450067 0.181946 0.460762 0.512878 0.0329152 0.16419 0.622466 0.659016 0.194987 0.459896 0.676693 0.229615 0.65147 0.663976 0.304083 0.391855 0.52443 0.111218 0.539895 0.38146 0.0148964 0.31628 0.609469 0.566105 0.231642 0.432689 0.371565 0.579257 0.442614 0.65509 0.451349
 0.345201 0.139553 0.353404 0.393377 0.0252459 0.125934 0.477431 0.505465 0.149555 0.35274 0.519023 0.176114 0.499677 0.509269 0.233231 0.300552 0.402237 0.0853038 0.414099 0.292579 0.0114255 0.242586 0.467462 0.434202 0.17767 0.331872 0.28499 0.444289 0.339484 0.502453 0.346184
 0.216207 0.087405 0.221345 0.246381 0.0158121 0.0788752 0.299026 0.316584 0.0936696 0.220929 0.325076 0.110305 0.312959 0.318967 0.146078 0.188243 0.25193 0.0534278 0.25936 0.183249 0.00715605 0.151937 0.292782 0.271951 0.111279 0.207859 0.178496 0.278269 0.212627 0.314698 0.216823
 0.0941465 0.0380601 0.0963839 0.107286 0.00688531 0.0343459 0.13021 0.137855 0.040788 0.0962026 0.141553 0.0480316 0.136277 0.138893 0.0636091 0.0819696 0.109702 0.0232649 0.112937 0.0797951 0.00311607 0.0661605 0.127491 0.11842 0.0484558 0.0905114 0.0777252 0.121171 0.0925875 0.137034 0.0944147
 0.246015 0.0994552 0.251861 0.280349 0.017992 0.0897494 0.340252 0.36023 0.106583 0.251388 0.369893 0.125512 0.356106 0.362942 0.166217 0.214195 0.286663 0.0607936 0.295116 0.208513 0.00814263 0.172884 0.333147 0.309443 0.12662 0.236516 0.203104 0.316633 0.241941 0.358084 0.246716
 0.488064 0.197307 0.499662 0.556178 0.035694 0.178052 0.675018 0.714654 0.211449 0.498723 0.733823 0.249 0.706471 0.720033 0.329755 0.424938 0.568705 0.120607 0.585475 0.413665 0.016154 0.342982 0.660923 0.613898 0.251199 0.469219 0.402934 0.628161 0.479982 0.710396 0.489454
 0.478376 0.193391 0.489745 0.545139 0.0349856 0.174518 0.66162 0.700469 0.207252 0.488824 0.719258 0.244058 0.692448 0.705741 0.32321 0.416503 0.557417 0.118213 0.573854 0.405454 0.0158334 0.336174 0.647805 0.601713 0.246213 0.459906 0.394937 0.615692 0.470455 0.696295 0.479739
 0.479732 0.193939 0.491133 0.546684 0.0350847 0.175013 0.663495 0.702455 0.207839 0.49021 0.721297 0.24475 0.694411 0.707742 0.324126 0.417684 0.558997 0.118548 0.575481 0.406604 0.0158782 0.337127 0.649642 0.603419 0.246911 0.46121 0.396056 0.617438 0.471788 0.698269 0.481099
 0.113885 0.0460396 0.116591 0.129779 0.00832885 0.0415466 0.157509 0.166757 0.0493394 0.116372 0.17123 0.0581017 0.164848 0.168012 0.0769451 0.0991549 0.132702 0.0281425 0.136615 0.0965245 0.00376937 0.0800314 0.15422 0.143247 0.0586148 0.109488 0.0940207 0.146575 0.111999 0.165764 0.114209
 0.364867 0.147503 0.373538 0.415788 0.0266842 0.133108 0.50463 0.534261 0.158075 0.372836 0.548592 0.186148 0.528144 0.538282 0.246519 0.317675 0.425153 0.0901636 0.43769 0.309248 0.0120764 0.256407 0.494094 0.458939 0.187791 0.350779 0.301226 0.469601 0.358825 0.531078 0.365906
 0.449295 0.181634 0.459973 0.511999 0.0328588 0.163909 0.621399 0.657887 0.194653 0.459108 0.675534 0.229221 0.650354 0.662838 0.303562 0.391183 0.523531 0.111027 0.538969 0.380806 0.0148708 0.315738 0.608424 0.565135 0.231245 0.431948 0.370928 0.578264 0.441855 0.653967 0.450575
 0.570508 0.230637 0.584066 0.650129 0.0417236 0.208129 0.789043 0.835375 0.247167 0.582968 0.857782 0.291062 0.825809 0.841662 0.385458 0.496719 0.664771 0.14098 0.684375 0.483542 0.0188828 0.400919 0.772568 0.717599 0.293632 0.548481 0.470999 0.734271 0.561061 0.830397 0.572134
 0.365978 0.147952 0.374676 0.417055 0.0267655 0.133514 0.506167 0.535889 0.158556 0.373971 0.550263 0.186715 0.529753 0.539922 0.24727 0.318643 0.426448 0.0904383 0.439023 0.31019 0.0121132 0.257188 0.495599 0.460336 0.188363 0.351848 0.302143 0.471031 0.359918 0.532696 0.367021
 0.225947 0.0913423 0.231316 0.25748 0.0165244 0.0824283 0.312496 0.330845 0.0978891 0.230881 0.33972 0.115273 0.327057 0.333335 0.152659 0.196723 0.263279 0.0558345 0.271043 0.191504 0.00747841 0.158782 0.305971 0.284201 0.116291 0.217223 0.186536 0.290804 0.222205 0.328874 0.22659
